training_data/img1.jpg 1081,441,1098,499,1 197,517,213,565,1 142,553,160,593,1 1294,406,1317,463,1 598,526,616,569,1 813,499,829,536,0 1161,401,1180,437,0
training_data/img2.jpg 338,312,353,385,1 1638,125,1657,169,1 150,490,166,535,1 1050,312,1065,378,1 605,232,621,291,0 1467,196,1481,234,0
training_data/img3.jpg 1468,160,1482,210,1 1419,455,1432,495,1 1293,350,1304,406,0 1002,152,1013,207,1
training_data/img4.jpg 1135,257,1149,298,1 988,501,999,545,1 1236,141,1249,195,0 1587,334,1601,381,0 1385,121,1398,170,0
training_data/img5.jpg 1009,156,1026,201,0 244,462,262,505,0 507,261,520,315,0 621,286,634,336,1 685,287,700,331,1 849,101,862,156,1 132,531,145,578,1 1482,298,1495,332,1
training_data/img6.jpg 589,503,601,573,1 977,296,992,344,1 1577,263,1589,298,1 1320,310,1335,362,1 344,321,358,379,0 893,337,905,394,0 465,437,480,501,0 710,480,724,538,0
training_data/img7.jpg 1124,388,1137,453,1 901,365,916,413,1 1475,258,1492,307,1 1197,134,1209,205,1 1051,485,1064,536,0 1174,222,1184,278,1
training_data/img8.jpg 601,175,617,229,1 356,217,374,287,1 1311,216,1328,262,0 1408,473,1422,502,0 200,293,213,347,0
training_data/img9.jpg 1108,372,1122,431,1 301,272,311,313,1 1147,237,1156,304,1 108,333,119,368,0 467,372,475,412,0
training_data/img10.jpg 1581,289,1590,342,1 726,37,737,70,0
training_data/img11.jpg 1269,349,1281,391,1 1366,243,1378,291,1 644,228,660,277,0 756,207,770,251,0
training_data/img12.jpg 557,504,574,559,0 162,513,180,567,0 338,353,358,416,0 715,300,731,360,0 827,345,847,414,0 1162,343,1181,418,0 1360,54,1380,123,0 1442,222,1459,285,0 1515,468,1539,516,0 243,451,257,507,1 1068,391,1083,437,1 1264,401,1281,462,1 1323,126,1340,176,1 1618,449,1634,508,1
training_data/img13.jpg 107,522,122,565,1 152,465,162,518,1 689,316,701,370,1 875,461,888,529,1 1025,143,1036,202,1 1210,344,1225,428,1 1330,281,1346,322,1 1437,330,1452,388,1 485,354,498,410,0 753,273,766,335,0 846,498,861,542,0 1062,161,1077,205,0
training_data/img14.jpg 176,111,193,167,0 243,405,259,478,0 1387,322,1401,367,0 607,397,622,476,1 822,318,836,374,1 943,398,958,453,1 995,305,1013,350,1 470,272,490,307,1
training_data/img15.jpg 1107,409,1125,460,1 583,153,599,216,0
training_data/img16.jpg 1365,398,1380,456,1 827,366,845,435,0
training_data/img17.jpg 1006,385,1020,463,0 1262,411,1272,454,1
training_data/img18.jpg 1140,294,1152,348,1 179,322,195,365,0
training_data/img19.jpg 589,511,606,588,1 1284,269,1303,326,0
training_data/img20.jpg 444,232,464,296,0 1051,299,1070,346,1
training_data/img21.jpg 1522,141,1537,191,1 180,242,199,301,0
training_data/img22.jpg 132,513,147,587,1 843,253,861,298,0
training_data/img23.jpg 280,385,296,430,1 475,299,489,364,0 1255,250,1268,309,1
training_data/img24.jpg 549,540,563,601,1 1302,333,1316,393,0
training_data/img25.jpg 1507,231,1519,293,1 486,386,498,448,0
training_data/img26.jpg 112,336,128,398,1 728,299,746,376,0
training_data/img27.jpg 256,335,271,382,1 1498,373,1512,444,0
training_data/img28.jpg 633,422,652,484,1 755,255,771,316,0 1402,289,1419,346,0 1478,432,1498,476,0
training_data/img29.jpg 404,352,428,441,1 694,519,717,578,1 749,398,771,467,1 288,442,311,522,0 548,397,572,491,0 633,465,659,556,0
training_data/img30.jpg 579,484,590,532,1 193,523,207,581,1 1553,415,1569,481,1 931,397,946,439,0 1258,302,1272,363,0 88,446,108,489,0
training_data/img31.jpg 790,143,811,209,1 1124,354,1143,424,0 1169,269,1194,356,1
training_data/img32.jpg 556,271,573,342,1 859,347,875,401,1 1166,419,1180,458,1 199,358,216,416,1 340,348,357,412,1 412,182,429,242,1 644,177,660,235,0 913,233,926,286,0 1501,417,1519,470,0
training_data/img33.jpg 1349,340,1366,391,1 1510,369,1524,423,0
training_data/img34.jpg 533,429,553,498,1 909,281,924,335,0 1264,327,1282,430,1
training_data/img35.jpg 304,257,324,346,0 226,414,243,471,1 815,511,832,593,1 1169,298,1191,362,1 636,354,661,423,0
training_data/img36.jpg 716,540,735,598,1 1273,366,1287,432,0
training_data/img37.jpg 556,420,574,484,1 1251,214,1271,282,0
training_data/img38.jpg 1417,375,1430,426,1 164,273,177,334,1 358,225,374,285,0 1529,221,1544,278,0
training_data/img39.jpg 1349,452,1361,495,0 1476,415,1491,460,0 876,526,892,590,1 1089,491,1103,532,1
training_data/img40.jpg 809,451,823,508,1 1042,255,1058,303,1 1415,258,1432,327,0 128,256,143,322,0
training_data/img41.jpg 535,291,551,365,1 1396,291,1412,365,0
training_data/img42.jpg 464,240,480,299,1 947,363,965,420,0
training_data/img43.jpg 304,233,321,303,1 628,109,643,183,0
training_data/img44.jpg 414,386,432,445,1 1041,305,1056,374,0
training_data/img45.jpg 213,115,225,172,0 830,81,846,144,1
training_data/img46.jpg 475,238,490,308,1 1257,371,1272,418,0
training_data/img47.jpg 250,223,267,296,1 1361,132,1374,208,0
training_data/img48.jpg 338,450,358,540,1 614,441,636,507,0
training_data/img49.jpg 1343,456,1360,498,1 594,456,605,496,1 1600,218,1615,271,0 714,391,727,431,0
training_data/img50.jpg 132,304,151,363,1 615,260,633,331,1 401,255,418,332,1 1206,376,1221,427,1 205,254,222,335,0 274,121,293,204,0 1028,261,1042,325,0 1511,265,1527,320,0
